%YAML:1.0
calibration_time: "02/19/14 22:42:06"
nframes: 10
image_width: 640
image_height: 480
board_width: 9
board_height: 6
square_size: 1.9999999552965164e-002
flags: 0
camera_matrix: !!opencv-matrix
   rows: 3
   cols: 3
   dt: d
   data: [ 7.0274472730905961e+002, 0., 3.1252113872278113e+002, 0.,
       7.1388062001380956e+002, 1.6285157326192783e+002, 0., 0., 1. ]
distortion_coefficients: !!opencv-matrix
   rows: 5
   cols: 1
   dt: d
   data: [ 5.6792761821581522e-002, 5.8169000215264877e-001,
       -4.6561362849593238e-002, -4.6927010201534263e-003,
       -1.6962345107199674e+000 ]
avg_reprojection_error: 1.1180048304451731e+000
per_view_reprojection_errors: !!opencv-matrix
   rows: 10
   cols: 1
   dt: f
   data: [ 5.66050231e-001, 6.59597516e-001, 6.65420651e-001,
       8.51790011e-001, 6.29510701e-001, 7.62241423e-001,
       2.34938812e+000, 1.72047198e+000, 8.99556816e-001,
       5.56227267e-001 ]
# a set of 6-tuples (rotation vector + translation vector) for each view
extrinsic_parameters: !!opencv-matrix
   rows: 10
   cols: 6
   dt: d
   data: [ -8.7869506631938391e-002, 2.1649696863342647e-002,
       -3.1333120835812891e+000, 1.1012244417042150e-001,
       1.1781063407670586e-001, 4.3652653044161654e-001,
       1.1962401420999835e-001, -7.8725304613217439e-001,
       3.0313666086450639e+000, 1.1412500824591261e-001,
       5.4252441412846311e-002, 4.2277741952737946e-001,
       -1.0460094533911477e+000, -1.5818064950538310e-001,
       -2.9645603730581365e+000, 1.3693266014247779e-001,
       1.3604518236304095e-001, 3.5086110126238795e-001,
       8.4627291194567175e-002, 1.0300410605935291e+000,
       2.9214940710559745e+000, 1.0556992280302335e-001,
       1.5084221665424977e-001, 3.6149340208283115e-001,
       -8.5879486409186467e-001, 1.8369007850257171e-001,
       3.0036136080002018e+000, 2.3628037510699685e-002,
       1.2396247156207882e-001, 4.0064804199959730e-001,
       4.9384149806787757e-002, 9.8766605966194088e-001,
       -2.9726808024859617e+000, 9.7400839717702276e-002,
       6.1369145454880668e-002, 3.3308829566444509e-001,
       -7.1164732802728127e-003, 1.5777130996381026e+000,
       2.6700311812864350e+000, 1.1250248645487274e-001,
       1.1287506816125199e-001, 2.7256385177539660e-001,
       -2.9680618946424681e-002, 1.4378002558489702e+000,
       2.7777040788947720e+000, 1.1357207763708997e-001,
       1.1969261697104228e-001, 2.7706820413662392e-001,
       -5.2098216725545245e-002, 2.6739660406862285e-002,
       3.1272817368773702e+000, 8.5371526480897603e-002,
       1.0971186041462994e-001, 2.7370295583334475e-001,
       -1.5284894778819114e-001, -8.6029661899176002e-001,
       -2.5495399156350320e+000, 1.0203085621860868e-001,
       1.5452676350927638e-001, 3.7059409804236521e-001 ]
image_points: !!opencv-matrix
   rows: 10
   cols: 54
   dt: "2f"
   data: [ 4.87152557e+002, 3.49253204e+002, 4.54717499e+002,
       3.48138458e+002, 4.22715973e+002, 3.47204468e+002,
       3.90911011e+002, 3.46506256e+002, 3.59683014e+002,
       3.46242584e+002, 3.28572815e+002, 3.46124451e+002,
       2.97281250e+002, 3.45683472e+002, 2.65987366e+002,
       3.45519318e+002, 2.34975662e+002, 3.45486877e+002,
       4.87619232e+002, 3.17541931e+002, 4.55171814e+002,
       3.16706757e+002, 4.23255066e+002, 3.15985474e+002,
       3.91371124e+002, 3.15486420e+002, 3.60052094e+002,
       3.15246704e+002, 3.28801727e+002, 3.14982849e+002,
       2.97498840e+002, 3.14739014e+002, 2.66317444e+002,
       3.14479492e+002, 2.35324738e+002, 3.14344543e+002,
       4.88624512e+002, 2.86513824e+002, 4.55776978e+002,
       2.85649658e+002, 4.23488495e+002, 2.85037567e+002,
       3.91806152e+002, 2.84474854e+002, 3.60377441e+002,
       2.84281342e+002, 3.29048370e+002, 2.84140320e+002,
       2.97633484e+002, 2.83891693e+002, 2.66585052e+002,
       2.83547485e+002, 2.35482300e+002, 2.83455353e+002,
       4.89641602e+002, 2.55214371e+002, 4.56701752e+002,
       2.54490021e+002, 4.24466858e+002, 2.54198776e+002,
       3.92328125e+002, 2.53564560e+002, 3.60855194e+002,
       2.53135803e+002, 3.29336182e+002, 2.53066101e+002,
       2.97762268e+002, 2.52767059e+002, 2.66493469e+002,
       2.52499161e+002, 2.35489960e+002, 2.52381165e+002,
       4.90835968e+002, 2.23232590e+002, 4.57623138e+002,
       2.22917130e+002, 4.25282013e+002, 2.22645950e+002,
       3.92830750e+002, 2.22325317e+002, 3.61107849e+002,
       2.22060516e+002, 3.29531311e+002, 2.21706238e+002,
       2.97759613e+002, 2.21555344e+002, 2.66587311e+002,
       2.21398895e+002, 2.35401337e+002, 2.21366440e+002,
       4.91339783e+002, 1.90799042e+002, 4.58508118e+002,
       1.90589844e+002, 4.25903809e+002, 1.90584534e+002,
       3.93410400e+002, 1.90365097e+002, 3.61471588e+002,
       1.90319717e+002, 3.29653931e+002, 1.90102493e+002,
       2.97853485e+002, 1.90094803e+002, 2.66573914e+002,
       1.89860336e+002, 2.35399582e+002, 1.89751755e+002,
       5.00192719e+002, 2.51323547e+002, 4.66589996e+002,
       2.50768433e+002, 4.33591888e+002, 2.50789642e+002,
       4.00863739e+002, 2.51026260e+002, 3.68340210e+002,
       2.51028000e+002, 3.35769836e+002, 2.50486252e+002,
       3.03520935e+002, 2.49555908e+002, 2.71669922e+002,
       2.47719528e+002, 2.40383179e+002, 2.45739441e+002,
       5.04440125e+002, 2.23183365e+002, 4.69815094e+002,
       2.22762802e+002, 4.36166931e+002, 2.22941711e+002,
       4.02292938e+002, 2.23019135e+002, 3.69074799e+002,
       2.23104889e+002, 3.35526398e+002, 2.23248367e+002,
       3.02203644e+002, 2.22703262e+002, 2.69618866e+002,
       2.21053040e+002, 2.37794922e+002, 2.18733459e+002,
       5.08827820e+002, 1.94137848e+002, 4.73485413e+002,
       1.94149185e+002, 4.38612823e+002, 1.94255310e+002,
       4.03838287e+002, 1.94206619e+002, 3.69569611e+002,
       1.94352936e+002, 3.35378510e+002, 1.94604401e+002,
       3.01052704e+002, 1.94511200e+002, 2.67478790e+002,
       1.93114243e+002, 2.34603104e+002, 1.90904282e+002,
       5.13830444e+002, 1.63479080e+002, 4.77399658e+002,
       1.63757904e+002, 4.41510437e+002, 1.64095108e+002,
       4.05497040e+002, 1.64156387e+002, 3.70351013e+002,
       1.64006760e+002, 3.34987000e+002, 1.64055634e+002,
       2.99754242e+002, 1.64096558e+002, 2.65326202e+002,
       1.63305908e+002, 2.31422913e+002, 1.61289551e+002,
       5.19311157e+002, 1.30918457e+002, 4.81575775e+002,
       1.31303741e+002, 4.44414520e+002, 1.31827347e+002,
       4.07447113e+002, 1.31910812e+002, 3.70886475e+002,
       1.32119247e+002, 3.34864044e+002, 1.31997650e+002,
       2.98394714e+002, 1.32131134e+002, 2.62658722e+002,
       1.31680603e+002, 2.27427124e+002, 1.30649612e+002,
       5.24496338e+002, 9.54766998e+001, 4.86045654e+002,
       9.62123260e+001, 4.47651611e+002, 9.65510025e+001,
       4.09380035e+002, 9.71055298e+001, 3.71696045e+002,
       9.75276184e+001, 3.34479462e+002, 9.77124176e+001,
       2.97155304e+002, 9.75551605e+001, 2.60018616e+002,
       9.74835663e+001, 2.23607101e+002, 9.68350296e+001,
       5.82668945e+002, 4.26255707e+002, 5.43585449e+002,
       4.19468933e+002, 5.07230286e+002, 4.12950623e+002,
       4.72745087e+002, 4.06590973e+002, 4.40377594e+002,
       4.00778198e+002, 4.10044403e+002, 3.95504272e+002,
       3.81505737e+002, 3.90033905e+002, 3.55344116e+002,
       3.85191467e+002, 3.30540192e+002, 3.80584625e+002,
       5.83292542e+002, 3.86981049e+002, 5.44559387e+002,
       3.81386597e+002, 5.07897583e+002, 3.76186462e+002,
       4.73107391e+002, 3.70749481e+002, 4.40819611e+002,
       3.66272644e+002, 4.10553253e+002, 3.61952026e+002,
       3.82232513e+002, 3.57626801e+002, 3.56352875e+002,
       3.53473541e+002, 3.32387177e+002, 3.49703217e+002,
       5.84123657e+002, 3.48073303e+002, 5.44815918e+002,
       3.43550873e+002, 5.07782745e+002, 3.39637817e+002,
       4.73227234e+002, 3.35614624e+002, 4.41090363e+002,
       3.31859711e+002, 4.10877197e+002, 3.28449005e+002,
